Sistema
=======
Intel(R) Pentium(R) M processor 1.60GHz
MemTotal:       508044 kB
SwapTotal:     1020592 kB
FFmpeg version SVN-r13582, Copyright (c) 2000-2008 Fabrice Bellard, et al.
  configuration: --prefix=/usr --libdir=${prefix}/lib --shlibdir=${prefix}/lib --bindir=${prefix}/bin --incdir=${prefix}/include/ffmpeg --enable-shared --enable-libmp3lame --enable-gpl --enable-libfaad --mandir=${prefix}/share/man --enable-libvorbis --enable-pthreads --enable-libfaac --enable-libxvid --enable-postproc --enable-libamr-nb --enable-libamr-wb --enable-x11grab --enable-libgsm --enable-libx264 --enable-liba52 --enable-libtheora --extra-cflags=-Wall -g -fPIC -DPIC --cc=ccache cc --enable-swscale --enable-libdc1394 --enable-nonfree --disable-mmx --disable-stripping --enable-avfilter --enable-libdirac --disable-decoder=libdirac --enable-libschroedinger --disable-encoder=libschroedinger --disable-altivec --disable-armv5te --disable-armv6 --disable-vis
  libavutil version: 49.7.0
  libavcodec version: 51.58.0
  libavformat version: 52.16.0
  libavdevice version: 52.0.0
  libavfilter version: 0.0.0
  built on Oct 22 2008 15:22:08, gcc: 4.3.2
FFmpeg SVN-r13582
libavutil   3213056
libavcodec  3357184
libavformat 3411968
libavdevice 3407872
 23:11:17 up 1 min,  2 users,  load average: 1,63, 0,71, 0,26
USER     TTY      FROM              LOGIN@   IDLE   JCPU   PCPU WHAT
raubn    tty7     :0               23:10    1.00s  2.96s  0.14s x-session-manag
raubn    pts/1    :0.0             23:10    1.00s  0.14s  0.00s /bin/bash ./mon

Estado actual
=============
RAM Ocupada	SWAP Ocupada	Carga			Tiempo
-----------	------------	-----			------
305416		0		1.63 0.71 0.26		2

Fichero
=======
video.avi: RIFF (little-endian) data, AVI, 640 x 272, 25.00 fps, video: XviD, audio: Dolby AC3 (6 channels, 48000 Hz)
-rw-r--r-- 1 raubn raubn 731615232 mar 28 19:13 video.avi

La informacion sera mostrada cada 20 segundo(s).
Ambos test duraran 1800 segundos.

Test con el ordenador en el estado "base"
====
RAM Ocupada	SWAP Ocupada	Carga			Tiempo
-----------	------------	-----			------
305668		0		1.63 0.71 0.26		0
341928		0		1.17 0.66 0.26		20
318252		0		0.98 0.65 0.26		40
318236		0		0.70 0.61 0.25		60
318236		0		0.50 0.57 0.25		80
318244		0		0.36 0.53 0.24		100
318220		0		0.25 0.49 0.24		120
318236		0		0.18 0.46 0.23		140
318244		0		0.13 0.43 0.23		160
318244		0		0.09 0.40 0.22		180
318244		0		0.06 0.37 0.21		200
318368		0		0.05 0.35 0.21		220
318368		0		0.03 0.33 0.20		240
318368		0		0.02 0.30 0.20		260
318368		0		0.02 0.28 0.19		280
318368		0		0.01 0.26 0.18		300
318368		0		0.01 0.25 0.18		320
318492		0		0.00 0.23 0.18		340
318616		0		0.00 0.21 0.17		360
318616		0		0.00 0.20 0.17		380
318616		0		0.00 0.18 0.16		400
318608		0		0.00 0.17 0.16		420
318608		0		0.00 0.16 0.16		440
318608		0		0.08 0.16 0.16		460
318732		0		0.31 0.22 0.18		480
318740		0		0.37 0.23 0.18		500
318740		0		0.26 0.22 0.18		520
318740		0		0.19 0.20 0.17		540
318864		0		0.13 0.19 0.17		560
318868		0		0.10 0.18 0.17		580
319492		0		0.07 0.16 0.16		600
319608		0		0.05 0.15 0.16		620
319608		0		0.03 0.14 0.15		640
319600		0		0.02 0.13 0.15		660
319600		0		0.02 0.12 0.15		680
319600		0		0.01 0.11 0.14		700
319724		0		0.01 0.11 0.14		720
319724		0		0.00 0.10 0.13		740
319724		0		0.00 0.09 0.13		760
319724		0		0.00 0.08 0.13		780
319724		0		0.00 0.08 0.12		800
319724		0		0.00 0.07 0.12		820
319724		0		0.00 0.07 0.12		840
319848		0		0.00 0.06 0.11		860
319864		0		0.20 0.10 0.12		880
319864		0		0.14 0.10 0.12		901
319972		0		0.10 0.09 0.12		921
319988		0		0.07 0.08 0.11		941
319980		0		0.19 0.11 0.12		961
319980		0		0.13 0.10 0.11		981
319972		0		0.09 0.09 0.11		1001
319972		0		0.07 0.09 0.11		1021
319972		0		0.05 0.08 0.10		1041
319972		0		0.03 0.07 0.10		1061
319972		0		0.02 0.07 0.10		1081
319972		0		0.02 0.06 0.09		1101
319972		0		0.01 0.06 0.09		1121
319972		0		0.01 0.05 0.09		1141
319972		0		0.00 0.05 0.08		1161
320112		0		0.00 0.04 0.08		1181
320112		0		0.00 0.04 0.08		1201
320112		0		0.00 0.04 0.08		1221
320236		0		0.00 0.03 0.08		1241
320228		0		0.00 0.03 0.08		1261
320228		0		0.00 0.03 0.07		1281
320220		0		0.00 0.03 0.07		1301
320220		0		0.00 0.02 0.07		1321
320220		0		0.00 0.02 0.07		1341
320344		0		0.00 0.02 0.07		1361
320344		0		0.00 0.02 0.06		1381
320344		0		0.00 0.02 0.06		1401
320344		0		0.00 0.01 0.06		1421
320344		0		0.00 0.01 0.06		1441
320344		0		0.00 0.01 0.06		1461
320476		0		0.00 0.01 0.05		1481
320476		0		0.00 0.01 0.05		1501
320476		0		0.00 0.00 0.05		1521
320476		0		0.00 0.00 0.05		1541
320468		0		0.00 0.00 0.05		1561
320468		0		0.00 0.00 0.04		1581
320576		0		0.00 0.00 0.04		1601
320592		0		0.00 0.00 0.04		1621
320600		0		0.00 0.00 0.04		1641
320600		0		0.00 0.00 0.04		1661
320600		0		0.00 0.00 0.03		1681
320732		0		0.00 0.00 0.03		1701
320724		0		0.15 0.03 0.04		1721
320844		0		0.24 0.06 0.05		1741
320840		0		0.25 0.07 0.05		1761
320848		0		0.18 0.07 0.05		1781
320848		0		0.13 0.06 0.05		1801

Test ejecutando 'ffmpeg -i video.avi -target pal-vcd video.mpg 2> /dev/null&'...
====
RAM Ocupada	SWAP Ocupada	Carga			Tiempo
-----------	------------	-----			------
321856		0		0.09 0.06 0.05		0
344272		0		0.35 0.12 0.07		20
355444		0		0.53 0.17 0.09		40
362884		0		0.66 0.23 0.10		60
370068		0		0.76 0.28 0.12		81
377524		0		0.83 0.32 0.14		101
384452		0		0.87 0.36 0.16		121
391660		0		1.13 0.46 0.20		141
399596		0		1.10 0.50 0.21		161
406904		0		1.07 0.53 0.23		181
415460		0		1.05 0.56 0.24		201
427480		0		1.03 0.59 0.26		221
439508		0		1.02 0.61 0.27		241
451776		0		1.02 0.64 0.29		261
463308		0		1.01 0.66 0.30		281
472748		0		1.01 0.68 0.31		301
482528		0		1.00 0.70 0.33		321
492180		0		1.00 0.72 0.34		341
500996		0		1.00 0.74 0.36		362
501560		0		1.00 0.75 0.37		382
502040		0		1.00 0.77 0.38		402
501512		0		1.00 0.78 0.39		422
501808		0		1.00 0.79 0.40		442
501556		0		1.00 0.81 0.42		462
502188		0		1.00 0.82 0.43		482
502500		0		1.00 0.83 0.44		502
501708		0		1.00 0.84 0.45		522
501820		0		1.00 0.85 0.46		542
501560		4		1.00 0.86 0.47		562
501692		0		1.00 0.86 0.48		582
502228		0		1.00 0.87 0.49		602
501824		0		1.00 0.88 0.50		622
502340		0		1.00 0.89 0.51		643
501364		0		1.00 0.89 0.52		663
501580		0		1.00 0.90 0.53		683
501912		0		1.00 0.90 0.54		703
502164		0		1.00 0.91 0.55		723
502160		0		1.00 0.91 0.56		743
501556		0		1.00 0.92 0.56		763
501324		0		1.00 0.92 0.57		783
501460		0		1.00 0.93 0.58		803
501824		0		1.00 0.93 0.59		823
502360		0		1.00 0.93 0.60		843
501716		0		1.00 0.94 0.60		863
502180		0		1.00 0.94 0.61		883
501832		0		1.00 0.94 0.62		903
502164		0		1.00 0.95 0.63		924
502160		0		1.00 0.95 0.63		944
501944		60		1.00 0.95 0.64		964
502060		60		1.00 0.95 0.65		984
501940		60		1.00 0.95 0.65		1004
502056		60		1.00 0.96 0.66		1024
501356		60		1.00 0.96 0.66		1044
501312		60		1.00 0.96 0.67		1064
502304		60		1.00 0.96 0.68		1084
501464		60		1.00 0.96 0.68		1104
501684		60		1.00 0.97 0.69		1124
501556		60		1.07 0.98 0.70		1144
501408		60		1.19 1.02 0.72		1164
502184		60		1.13 1.01 0.72		1184
501704		60		1.16 1.03 0.73		1205
501940		60		1.11 1.03 0.74		1225
501312		60		1.08 1.02 0.74		1245
501560		60		1.06 1.02 0.74		1265
501688		60		1.04 1.02 0.75		1285
502320		60		1.03 1.02 0.75		1305
501440		60		1.02 1.02 0.75		1325
501688		60		1.01 1.01 0.76		1345
501444		60		1.01 1.01 0.76		1365
501612		60		1.00 1.01 0.77		1385
502028		60		1.00 1.01 0.77		1405
502056		60		1.00 1.01 0.77		1425
502112		60		1.00 1.00 0.78		1445
501920		60		1.00 1.00 0.78		1465
501632		60		1.00 1.00 0.79		1486
501700		60		1.00 1.00 0.79		1506
502168		60		1.00 1.00 0.79		1526
502164		60		1.00 1.00 0.80		1546
502052		60		1.00 1.00 0.80		1566
502292		60		1.00 1.00 0.81		1586
501932		60		1.00 1.00 0.81		1606
501280		60		1.00 1.00 0.81		1626
501700		60		1.00 1.00 0.82		1646
502536		48		1.00 1.00 0.82		1666
502056		0		1.00 1.00 0.82		1686
501664		4		1.00 1.00 0.82		1706
501912		4		1.00 1.00 0.83		1726
502064		4		1.00 1.00 0.83		1746
501704		4		1.00 1.00 0.83		1766
501924		4		1.00 1.00 0.83		1787
501692		4		1.00 1.00 0.83		1807

Finalizado
==========
